1 5
2 3
3 7
1 5
2 3
3 7
1 5
2 3
3 7
1 5
2 3
3 7
1 5
2 3
3 7
1 5
2 3
3 7
1 5
2 3
3 7
1 5
2 3
3 7
1 5
2 3
3 7
1 5
2 3
3 7
1 5
2 3
3 7
1 5
2 3
3 7
1 5
2 3
3 7
1 5
2 3
3 7
1 5
2 3
3 7
1 5
2 3
3 7
1 5
2 3
3 7
1 5
2 3
3 7
1 5
2 3
3 7
1 5
2 3
3 7
1 5
2 3
3 7
1 5
2 3
3 7
1 5
2 3
3 7
1 5
1 5
1 5
1 5
1 5
1 5
1 5
1 5
1 5
1 5
1 5
1 5
1 5
1 5
1 5
1 5
1 5
1 5
1 5
1 5
1 5
1 5
1 5
1 5
1 5
1 5
1 5
1 5
1 5
1 5
1 8
1 5
1 5
1 5
1 5
1 5
1 5
1 5
1 5
1 5
1 8
1 8
1 5
1 5
1 5
1 5
1 8
1 5
1 5
1 8
1 5
1 5
1 5
1 5
1 5
1 5
1 5
1 5
1 5
1 5
1 5
1 5
